0 7985
1 7995
2 8005
3 8015
4 8025
5 8035
6 8045
7 8055
8 8065
9 8075
10 8085
11 8095
12 8105
13 8115
14 8125
15 8135
16 8145
17 8155
18 8165
19 8175
20 8185
21 8195
22 8205
23 8215
24 8225
25 8235
26 8245
27 8255
28 8265
29 8275
30 8285
31 8295
32 8305
33 8315
34 8325
35 8335
36 8345
37 8355
38 8365
39 8375
40 8385
41 8395
42 8405
43 8415
44 8425
45 8435
46 8445
47 8455
48 8465
49 8475
50 8485
51 8495
52 8505
53 8515
54 8525
55 8535
56 8545
57 8555
58 8565
59 8575
60 8585
61 8595
62 8605
63 8615
64 8625
65 8635
66 8645
67 8655
68 8665
69 8675
70 8685
71 8695
72 8705
73 8715
74 8725
75 8735
76 8745
77 8755
78 8765
79 8775
80 8785
81 8795
82 8805
83 8815
84 8825
85 8835
86 8845
87 8855
88 8865
89 8875
90 8885
91 8895
92 8905
93 8915
94 8925
95 8935
96 8945
97 8955
98 8965
99 8975
100 8985
101 8995
102 9005
103 9015
104 9025
105 9035
106 9045
107 9055
108 9065
109 9075
110 9085
111 9095
112 9105
113 9115
114 9125
115 9135
116 9145
117 9155
118 9165
119 9175
120 9185
121 9195
122 9205
123 9215
124 9225
125 9235
126 9245
127 9255
128 9265
129 9275
130 9285
131 9295
132 9305
133 9315
134 9325
135 9335
136 9345
137 9355
138 9365
139 9375
140 9385
141 9395
142 9405
143 9415
144 9425
145 9435
146 9445
147 9455
148 9465
149 9475
150 9485
151 9495
152 9505
153 9515
154 9525
155 9535
156 9545
157 9555
158 9565
159 9575
160 9585
161 9595
162 9605
163 9615
164 9625
165 9635
166 9645
167 9655
168 9665
169 9675
170 9685
171 9695
172 9705
173 9715
174 9725
175 9735
176 9745
177 9755
178 9765
179 9775
180 9785
181 9795
182 9805
183 9815
184 9825
185 9835
186 9845
187 9855
188 9865
189 9875
190 9885
191 9895
192 9905
193 9915
194 9925
195 9935
196 9945
197 9955
198 9965
199 9975
200 9985
201 9995
202 10005
203 10015
204 10025
205 10035
206 10045
207 10055
208 10065
209 10075
210 10085
211 10095
212 10105
213 10115
214 10125
215 10135
216 10145
217 10155
218 10165
219 10175
220 10185
221 10195
222 10205
223 10215
224 10225
225 10235
226 10245
227 10255
228 10265
229 10275
230 10285
231 10295
232 10305
233 10315
234 10325
235 10335
236 10345
237 10355
238 10365
239 10375
240 10385
241 10395
242 10405
243 10415
244 10425
245 10435
246 10445
247 10455
248 10465
249 10475
250 10485
251 10495
252 10505
253 10515
254 10525
255 10535
256 10545
257 10555
258 10565
259 10575
260 10585
261 10595
262 10605
263 10615
264 10625
265 10635
266 10645
267 10655
268 10665
269 10675
270 10685
271 10695
272 10705
273 10715
274 10725
275 10735
276 10745
277 10755
278 10765
279 10775
280 10785
281 10795
282 10805
283 10815
284 10825
285 10835
286 10845
287 10855
288 10865
289 10875
290 10885
291 10895
292 10905
293 10915
294 10925
295 10935
296 10945
297 10955
298 10965
299 10975
300 10985
301 10995
302 11005
303 11015
304 11025
305 11035
306 11045
307 11055
308 11065
309 11075
310 11085
311 11095
312 11105
313 11115
314 11125
315 11135
316 11145
317 11155
318 11165
319 11175
320 11185
321 11195
322 11205
323 11215
324 11225
325 11235
326 11245
327 11255
328 11265
329 11275
330 11285
331 11295
332 11305
333 11315
334 11325
335 11335
336 11345
337 11355
338 11365
339 11375
340 11385
341 11395
342 11405
343 11415
344 11425
345 11435
346 11445
347 11455
348 11465
349 11475
350 11485
351 11495
352 11505
353 11515
354 11525
355 11535
356 11545
357 11555
358 11565
359 11575
360 11585
361 11595
362 11605
363 11615
364 11625
365 11635
366 11645
367 11655
368 11665
369 11675
370 11685
371 11695
372 11705
373 11715
374 11725
375 11735
376 11745
377 11755
378 11765
379 11775
380 11785
381 11795
382 11805
383 11815
384 11825
385 11835
386 11845
387 11855
388 11865
389 11875
390 11885
391 11895
392 11905
393 11915
394 11925
395 11935
396 11945
397 11955
398 11965
399 11975
400 11985
401 11995
402 12005
403 12015
404 12025
405 12035
406 12045
407 12055
408 12065
409 12075
410 12085
411 12095
412 12105
413 12115
414 12125
415 12135
416 12145
417 12155
418 12165
419 12175
420 12185
421 12195
422 12205
423 12215
424 12225
425 12235
426 12245
427 12255
428 12265
429 12275
430 12285
431 12295
432 12305
433 12315
434 12325
435 12335
436 12345
437 12355
438 12365
439 12375
440 12385
441 12395
442 12405
443 12415
444 12425
445 12435
446 12445
447 12455
448 12465
449 12475
450 12485
451 12495
452 12505
453 12515
454 12525
455 12535
456 12545
457 12555
458 12565
459 12575
460 12585
461 12595
462 12605
463 12615
464 12625
465 12635
466 12645
467 12655
468 12665
469 12675
470 12685
471 12695
472 12705
473 12715
474 12725
475 12735
476 12745
477 12755
478 12765
479 12775
480 12785
481 12795
482 12805
483 12815
484 12825
485 12835
486 12845
487 12855
488 12865
489 12875
490 12885
491 12895
492 12905
493 12915
494 12925
495 12935
496 12945
497 12955
498 12965
499 12975
500 12985
501 12995
502 13005
503 13015
504 13025
505 13035
506 13045
507 13055
508 13065
509 13075
510 13085
511 13095
512 13105
513 13115
514 13125
515 13135
516 13145
517 13155
518 13165
519 13175
520 13185
521 13195
522 13205
523 13215
524 13225
525 13235
526 13245
527 13255
528 13265
529 13275
530 13285
531 13295
532 13305
533 13315
534 13325
535 13335
536 13345
537 13355
538 13365
539 13375
540 13385
541 13395
542 13405
543 13415
544 13425
545 13435
546 13445
547 13455
548 13465
549 13475
550 13485
551 13495
552 13505
553 13515
554 13525
555 13535
556 13545
557 13555
558 13565
559 13575
560 13585
561 13595
562 13605
563 13615
564 13625
565 13635
566 13645
567 13655
568 13665
569 13675
570 13685
571 13695
572 13705
573 13715
574 13725
575 13735
576 13745
577 13755
578 13765
579 13775
580 13785
581 13795
582 13805
583 13815
584 13825
585 13835
586 13845
587 13855
588 13865
589 13875
590 13885
591 13895
592 13905
593 13915
594 13925
595 13935
596 13945
597 13955
598 13965
599 13975
600 13985
601 13995
602 14005
603 14015
604 14025
605 14035
606 14045
607 14055
608 14065
609 14075
610 14085
611 14095
612 14105
613 14115
614 14125
615 14135
616 14145
617 14155
618 14165
619 14175
620 14185
621 14195
622 14205
623 14215
624 14225
625 14235
626 14245
627 14255
628 14265
629 14275
630 14285
631 14295
632 14305
633 14315
634 14325
635 14335
636 14345
637 14355
638 14365
639 14375
640 14385
641 14395
642 14405
643 14415
644 14425
645 14435
646 14445
647 14455
648 14465
649 14475
650 14485
651 14495
652 14505
653 14515
654 14525
655 14535
656 14545
657 14555
658 14565
659 14575
660 14585
661 14595
662 14605
663 14615
664 14625
665 14635
666 14645
667 7986
668 7994
669 8006
670 8016
671 8026
672 8036
673 8046
674 8054
675 8066
676 8076
677 8086
678 8094
679 8106
680 8116
681 8126
682 8136
683 8146
684 8154
685 8166
686 8176
687 8186
688 8194
689 8206
690 8216
691 8226
692 8236
693 8246
694 8254
695 8266
696 8276
697 8286
698 8294
699 8306
700 8316
701 8326
702 8336
703 8346
704 8354
705 8366
706 8376
707 8386
708 8394
709 8406
710 8416
711 8426
712 8436
713 8446
714 8454
715 8466
716 8476
717 8486
718 8494
719 8506
720 8516
721 8526
722 8536
723 8546
724 8554
725 8566
726 8576
727 8586
728 8594
729 8606
730 8616
731 8626
732 8636
733 8646
734 8654
735 8666
736 8676
737 8686
738 8694
739 8706
740 8716
741 8726
742 8736
743 8746
744 8754
745 8766
746 8776
747 8786
748 8794
749 8806
750 8816
751 8826
752 8836
753 8846
754 8854
755 8866
756 8876
757 8886
758 8894
759 8906
760 8916
761 8926
762 8936
763 8946
764 8954
765 8966
766 8976
767 8986
768 8994
769 9006
770 9016
771 9026
772 9036
773 9046
774 9054
775 9066
776 9076
777 9086
778 9094
779 9106
780 9116
781 9126
782 9136
783 9146
784 9154
785 9166
786 9176
787 9186
788 9194
789 9206
790 9216
791 9226
792 9236
793 9246
794 9254
795 9266
796 9276
797 9286
798 9294
799 9306
800 9316
801 9326
802 9336
803 9346
804 9354
805 9366
806 9376
807 9386
808 9394
809 9406
810 9416
811 9426
812 9436
813 9446
814 9454
815 9466
816 9476
817 9486
818 9494
819 9506
820 9516
821 9526
822 9536
823 9546
824 9554
825 9566
826 9576
827 9586
828 9594
829 9606
830 9616
831 9626
832 9636
833 9646
834 9654
835 9666
836 9676
837 9686
838 9694
839 9706
840 9716
841 9726
842 9736
843 9746
844 9754
845 9766
846 9776
847 9786
848 9794
849 9806
850 9816
851 9826
852 9836
853 9846
854 9854
855 9866
856 9876
857 9886
858 9894
859 9906
860 9916
861 9926
862 9936
863 9946
864 9954
865 9966
866 9976
867 9986
868 9994
869 10006
870 10016
871 10026
872 10036
873 10046
874 10054
875 10066
876 10076
877 10086
878 10094
879 10106
880 10116
881 10126
882 10136
883 10146
884 10154
885 10166
886 10176
887 10186
888 10194
889 10206
890 10216
891 10226
892 10236
893 10246
894 10254
895 10266
896 10276
897 10286
898 10294
899 10306
900 10316
901 10326
902 10336
903 10346
904 10354
905 10366
906 10376
907 10386
908 10394
909 10406
910 10416
911 10426
912 10436
913 10446
914 10454
915 10466
916 10476
917 10486
918 10494
919 10506
920 10516
921 10526
922 10536
923 10546
924 10554
925 10566
926 10576
927 10586
928 10594
929 10606
930 10616
931 10626
932 10636
933 10646
934 10654
935 10666
936 10676
937 10686
938 10694
939 10706
940 10716
941 10726
942 10736
943 10746
944 10754
945 10766
946 10776
947 10786
948 10794
949 10806
950 10816
951 10826
952 10836
953 10846
954 10854
955 10866
956 10876
957 10886
958 10894
959 10906
960 10916
961 10926
962 10936
963 10946
964 10954
965 10966
966 10976
967 10986
968 10994
969 11006
970 11016
971 11026
972 11036
973 11046
974 11054
975 11066
976 11076
977 11086
978 11094
979 11106
980 11116
981 11126
982 11136
983 11146
984 11154
985 11166
986 11176
987 11186
988 11194
989 11206
990 11216
991 11226
992 11236
993 11246
994 11254
995 11266
996 11276
997 11286
998 11294
999 11306
1000 11316
1001 11326
1002 11336
1003 11346
1004 11354
1005 11366
1006 11376
1007 11386
1008 11394
1009 11406
1010 11416
1011 11426
1012 11436
1013 11446
1014 11454
1015 11466
1016 11476
1017 11486
1018 11494
1019 11506
1020 11516
1021 11526
1022 11536
1023 11546
1024 11554
1025 11566
1026 11576
1027 11586
1028 11594
1029 11606
1030 11616
1031 11626
1032 11636
1033 11646
1034 11654
1035 11666
1036 11676
1037 11686
1038 11694
1039 11706
1040 11716
1041 11726
1042 11736
1043 11746
1044 11754
1045 11766
1046 11776
1047 11786
1048 11794
1049 11806
1050 11816
1051 11826
1052 11836
1053 11846
1054 11854
1055 11866
1056 11876
1057 11886
1058 11894
1059 11906
1060 11916
1061 11926
1062 11936
1063 11946
1064 11954
1065 11966
1066 11976
1067 11986
1068 11994
1069 12006
1070 12016
1071 12026
1072 12036
1073 12046
1074 12054
1075 12066
1076 12076
1077 12086
1078 12094
1079 12106
1080 12116
1081 12126
1082 12136
1083 12146
1084 12154
1085 12166
1086 12176
1087 12186
1088 12194
1089 12206
1090 12216
1091 12226
1092 12236
1093 12246
1094 12254
1095 12266
1096 12276
1097 12286
1098 12294
1099 12306
1100 12316
1101 12326
1102 12336
1103 12346
1104 12354
1105 12366
1106 12376
1107 12386
1108 12394
1109 12406
1110 12416
1111 12426
1112 12436
1113 12446
1114 12454
1115 12466
1116 12476
1117 12486
1118 12494
1119 12506
1120 12516
1121 12526
1122 12536
1123 12546
1124 12554
1125 12566
1126 12576
1127 12586
1128 12594
1129 12606
1130 12616
1131 12626
1132 12636
1133 12646
1134 12654
1135 12666
1136 12676
1137 12686
1138 12694
1139 12706
1140 12716
1141 12726
1142 12736
1143 12746
1144 12754
1145 12766
1146 12776
1147 12786
1148 12794
1149 12806
1150 12816
1151 12826
1152 12836
1153 12846
1154 12854
1155 12866
1156 12876
1157 12886
1158 12894
1159 12906
1160 12916
1161 12926
1162 12936
1163 12946
1164 12954
1165 12966
1166 12976
1167 12986
1168 12994
1169 13006
1170 13016
1171 13026
1172 13036
1173 13046
1174 13054
1175 13066
1176 13076
1177 13086
1178 13094
1179 13106
1180 13116
1181 13126
1182 13136
1183 13146
1184 13154
1185 13166
1186 13176
1187 13186
1188 13194
1189 13206
1190 13216
1191 13226
1192 13236
1193 13246
1194 13254
1195 13266
1196 13276
1197 13286
1198 13294
1199 13306
1200 13316
1201 13326
1202 13336
1203 13346
1204 13354
1205 13366
1206 13376
1207 13386
1208 13394
1209 13406
1210 13416
1211 13426
1212 13436
1213 13446
1214 13454
1215 13466
1216 13476
1217 13486
1218 13494
1219 13506
1220 13516
1221 13526
1222 13536
1223 13546
1224 13554
1225 13566
1226 13576
1227 13586
1228 13594
1229 13606
1230 13616
1231 13626
1232 13636
1233 13646
1234 13654
1235 13666
1236 13676
1237 13686
1238 13694
1239 13706
1240 13716
1241 13726
1242 13736
1243 13746
1244 13754
1245 13766
1246 13776
1247 13786
1248 13794
1249 13806
1250 13816
1251 13826
1252 13836
1253 13846
1254 13854
1255 13866
1256 13876
1257 13886
1258 13894
1259 13906
1260 13916
1261 13926
1262 13936
1263 13946
1264 13954
1265 13966
1266 13976
1267 13986
1268 13994
1269 14006
1270 14016
1271 14026
1272 14036
1273 14046
1274 14054
1275 14066
1276 14076
1277 14086
1278 14094
1279 14106
1280 14116
1281 14126
1282 14136
1283 14146
1284 14154
1285 14166
1286 14176
1287 14186
1288 14194
1289 14206
1290 14216
1291 14226
1292 14236
1293 14246
1294 14254
1295 14266
1296 14276
1297 14286
1298 14294
1299 14306
1300 14316
1301 14326
1302 14336
1303 14346
1304 14354
1305 14366
1306 14376
1307 14386
1308 14394
1309 14406
1310 14416
1311 14426
1312 14436
1313 14446
1314 14454
1315 14466
1316 14476
1317 14486
1318 14494
1319 14506
1320 14516
1321 14526
1322 14536
1323 14546
1324 14554
1325 14566
1326 14576
1327 14586
1328 14594
1329 14606
1330 14616
1331 14626
1332 14636
1333 14646
1334 14655
1335 14665
1336 14675
1337 14685
1338 14695
1339 14705
1340 14715
1341 14725
1342 14735
1343 14745
1344 14755
1345 14765
1346 14775
1347 14785
1348 14795
1349 14805
1350 14815
1351 14825
1352 14835
1353 14845
1354 14855
1355 14865
1356 14875
1357 14885
1358 14895
1359 14905
1360 14915
1361 14925
1362 14935
1363 14945
1364 14955
1365 14965
1366 14975
1367 14985
1368 14995
1369 15005
1370 15015
1371 15025
1372 15035
1373 15045
1374 15055
1375 15065
1376 15075
1377 15085
1378 15095
1379 15105
1380 15115
1381 15125
1382 15135
1383 15145
1384 15155
1385 15165
1386 15175
1387 15185
1388 15195
1389 15205
1390 15215
1391 15225
1392 15235
1393 15245
1394 15255
1395 15265
1396 15275
1397 15285
1398 15295
1399 15305
1400 15315
1401 15325
1402 15335
1403 15345
1404 15355
1405 15365
1406 15375
1407 15385
1408 15395
1409 15405
1410 15415
1411 15425
1412 15435
1413 15445
1414 15455
1415 15465
1416 15475
1417 15485
1418 15495
1419 15505
1420 15515
1421 15525
1422 15535
1423 15545
1424 15555
1425 15565
1426 15575
1427 15585
1428 15595
1429 15605
1430 15615
1431 15625
1432 15635
1433 15645
1434 15655
1435 15665
1436 15675
1437 15685
1438 15695
1439 15705
1440 15715
1441 15725
1442 15735
1443 15745
1444 15755
1445 15765
1446 15775
1447 15785
1448 15795
1449 15805
1450 15815
1451 15825
1452 15835
1453 15845
1454 15855
1455 15865
1456 15875
1457 15885
1458 15895
1459 15905
1460 15915
1461 15925
1462 15935
1463 15945
1464 15955
1465 15965
1466 15975
1467 15985
1468 15995
1469 16005
1470 16015
1471 16025
1472 16035
1473 16045
1474 16055
1475 16065
1476 16075
1477 16085
1478 16095
1479 16105
1480 16115
1481 16125
1482 16135
1483 16145
1484 16155
1485 16165
1486 16175
1487 16185
1488 16195
1489 16205
1490 16215
1491 16225
1492 16235
1493 16245
1494 16255
1495 16265
1496 16275
1497 16285
1498 16295
1499 16305
1500 16315
1501 16325
1502 16335
1503 16345
1504 16355
1505 16365
1506 16375
1507 16385
1508 16395
1509 16405
1510 16415
1511 16425
1512 16435
1513 16445
1514 16455
1515 16465
1516 16475
1517 16485
1518 16495
1519 16505
1520 16515
1521 16525
1522 16535
1523 16545
1524 16555
1525 16565
1526 16575
1527 16585
1528 16595
1529 16605
1530 16615
1531 16625
1532 16635
1533 16645
1534 16655
1535 16665
1536 16675
1537 16685
1538 16695
1539 16705
1540 16715
1541 16725
1542 16735
1543 16745
1544 16755
1545 16765
1546 16775
1547 16785
1548 16795
1549 16805
1550 16815
1551 16825
1552 16835
1553 16845
1554 16855
1555 16865
1556 16875
1557 16885
1558 16895
1559 16905
1560 16915
1561 16925
1562 16935
1563 16945
1564 16955
1565 16965
1566 16975
1567 16985
1568 16995
1569 17005
1570 17015
1571 17025
1572 17035
1573 17045
1574 17055
1575 17065
1576 17075
1577 17085
1578 17095
1579 17105
1580 17115
1581 17125
1582 17135
1583 17145
1584 17155
1585 17165
1586 17175
1587 17185
1588 17195
1589 17205
1590 17215
1591 17225
1592 17235
1593 17245
1594 17255
1595 17265
1596 17275
1597 17285
1598 17295
1599 17305
1600 17315
1601 17325
1602 17335
1603 17345
1604 17355
1605 17365
1606 17375
1607 17385
1608 17395
1609 17405
1610 17415
1611 17425
1612 17435
1613 17445
1614 17455
1615 17465
1616 17475
1617 17485
1618 17495
1619 17505
1620 17515
1621 17525
1622 17535
1623 17545
1624 17555
1625 17565
1626 17575
1627 17585
1628 17595
1629 17605
1630 17615
1631 17625
1632 17635
1633 17645
1634 17655
1635 17665
1636 17675
1637 17685
1638 17695
1639 17705
1640 17715
1641 17725
1642 17735
1643 17745
1644 17755
1645 17765
1646 17775
1647 17785
1648 17795
1649 17805
1650 17815
1651 17825
1652 17835
1653 17845
1654 17855
1655 17865
1656 17875
1657 17885
1658 17895
1659 17905
1660 17915
1661 17925
1662 17935
1663 17945
1664 17955
1665 17965
1666 17975
1667 17985
1668 17995
1669 18005
1670 18015
1671 18025
1672 18035
1673 18045
1674 18055
1675 18065
1676 18075
1677 18085
1678 18095
1679 18105
1680 18115
1681 18125
1682 18135
1683 18145
1684 18155
1685 18165
1686 18175
1687 18185
1688 18195
1689 18205
1690 18215
1691 18225
1692 18235
1693 18245
1694 18255
1695 18265
1696 18275
1697 18285
1698 18295
1699 18305
1700 18315
1701 18325
1702 18335
1703 18345
1704 18355
1705 18365
1706 18375
1707 18385
1708 18395
1709 18405
1710 18415
1711 18425
1712 18435
1713 18445
1714 18455
1715 18465
1716 18475
1717 18485
1718 18495
1719 18505
1720 18515
1721 18525
1722 18535
1723 18545
1724 18555
1725 18565
1726 18575
1727 18585
1728 18595
1729 18605
1730 18615
1731 18625
1732 18635
1733 18645
1734 18655
1735 18665
1736 18675
1737 18685
1738 18695
1739 18705
1740 18715
1741 18725
1742 18735
1743 18745
1744 18755
1745 18765
1746 18775
1747 18785
1748 18795
1749 18805
1750 18815
1751 18825
1752 18835
1753 18845
1754 18855
1755 18865
1756 18875
1757 18885
1758 18895
1759 18905
1760 18915
1761 18925
1762 18935
1763 18945
1764 18955
1765 18965
1766 18975
1767 18985
1768 18995
1769 19005
1770 19015
1771 19025
1772 19035
1773 19045
1774 19055
1775 19065
1776 19075
1777 19085
1778 19095
1779 19105
1780 19115
1781 19125
1782 19135
1783 19145
1784 19155
1785 19165
1786 19175
1787 19185
1788 19195
1789 19205
1790 19215
1791 19225
1792 19235
1793 19245
1794 19255
1795 19265
1796 19275
1797 19285
1798 19295
1799 19305
1800 19315
1801 19325
1802 19335
1803 19345
1804 19355
1805 19365
1806 19375
1807 19385
1808 19395
1809 19405
1810 19415
1811 19425
1812 19435
1813 19445
1814 19455
1815 19465
1816 19475
1817 19485
1818 19495
1819 19505
1820 19515
1821 19525
1822 19535
1823 19545
1824 19555
1825 19565
1826 19575
1827 19585
1828 19595
1829 19605
1830 19615
1831 19625
1832 19635
1833 19645
1834 19655
1835 19665
1836 19675
1837 19685
1838 19695
1839 19705
1840 19715
1841 19725
1842 19735
1843 19745
1844 19755
1845 19765
1846 19775
1847 19785
1848 19795
1849 19805
1850 19815
1851 19825
1852 19835
1853 19845
1854 19855
1855 19865
1856 19875
1857 19885
1858 19895
1859 19905
1860 19915
1861 19925
1862 19935
1863 19945
1864 19955
1865 19965
1866 19975
1867 19985
1868 19995
1869 20005
1870 20015
1871 20025
1872 20035
1873 20045
1874 20055
1875 20065
1876 20075
1877 20085
1878 20095
1879 20105
1880 20115
1881 20125
1882 20135
1883 20145
1884 20155
1885 20165
1886 20175
1887 20185
1888 20195
1889 20205
1890 20215
1891 20225
1892 20235
1893 20245
1894 20255
1895 20265
1896 20275
1897 20285
1898 20295
1899 20305
1900 20315
1901 20325
1902 20335
1903 20345
1904 20355
1905 20365
1906 20375
1907 20385
1908 20395
1909 20405
1910 20415
1911 20425
1912 20435
1913 20445
1914 20455
1915 20465
1916 20475
1917 20485
1918 20495
1919 20505
1920 20515
1921 20525
1922 20535
1923 20545
1924 20555
1925 20565
1926 20575
1927 20585
1928 20595
1929 20605
1930 20615
1931 20625
1932 20635
1933 20645
1934 20655
1935 20665
1936 20675
1937 20685
1938 20695
1939 20705
1940 20715
1941 20725
1942 20735
1943 20745
1944 20755
1945 20765
1946 20775
1947 20785
1948 20795
1949 20805
1950 20815
1951 20825
1952 20835
1953 20845
1954 20855
1955 20865
1956 20875
1957 20885
1958 20895
1959 20905
1960 20915
1961 20925
1962 20935
1963 20945
1964 20955
1965 20965
1966 20975
1967 20985
1968 20995
1969 21005
1970 21015
1971 21025
1972 21035
1973 21045
1974 21055
1975 21065
1976 21075
1977 21085
1978 21095
1979 21105
1980 21115
1981 21125
1982 21135
1983 21145
1984 21155
1985 21165
1986 21175
1987 21185
1988 21195
1989 21205
1990 21215
1991 21225
1992 21235
1993 21245
1994 21255
1995 21265
1996 21275
1997 21285
1998 21295
1999 21305
2000 21315
2001 21325
2002 21335
2003 21345
2004 21355
2005 21365
2006 21375
2007 21385
2008 21395
2009 21405
2010 21415
2011 21425
2012 21435
2013 21445
2014 21455
2015 21465
2016 21475
2017 21485
2018 21495
2019 21505
2020 21515
2021 21525
2022 21535
2023 21545
2024 21555
2025 21565
2026 21575
2027 21585
2028 21595
2029 21605
2030 21615
2031 21625
2032 21635
2033 21645
2034 21655
2035 21665
2036 21675
2037 21685
2038 21695
2039 21705
2040 21715
2041 21725
2042 21735
2043 21745
2044 21755
2045 21765
2046 21775
2047 21785
2048 21795
2049 21805
2050 21815
2051 21825
2052 21835
2053 21845
2054 21855
2055 21865
2056 21875
2057 21885
2058 21895
2059 21905
2060 21915
2061 21925
2062 21935
2063 21945
2064 21955
2065 21965
2066 21975
2067 21985
2068 21995
2069 22005
2070 22015
2071 22025
2072 22035
2073 22045
2074 22055
2075 22065
2076 22075
2077 22085
2078 22095
2079 22105
2080 22115
2081 22125
2082 22135
2083 22145
2084 22155
2085 22165
2086 22175
2087 22185
2088 22195
2089 22205
2090 22215
2091 22225
2092 22235
2093 22245
2094 22255
2095 22265
2096 22275
2097 22285
2098 22295
2099 22305
2100 22315
2101 22325
2102 22335
2103 22345
2104 22355
2105 22365
2106 22375
2107 22385
2108 22395
2109 22405
2110 22415
2111 22425
2112 22435
2113 22445
2114 22455
2115 22465
2116 22475
2117 22485
2118 22495
2119 22505
2120 22515
2121 22525
2122 22535
2123 22545
2124 22555
2125 22565
2126 22575
2127 22585
2128 22595
2129 22605
2130 22615
2131 22625
2132 22635
2133 22645
2134 22655
2135 22665
2136 22675
2137 22685
2138 22695
2139 22705
2140 22715
2141 22725
2142 22735
2143 22745
2144 22755
2145 22765
2146 22775
2147 22785
2148 22795
2149 22805
2150 22815
2151 22825
2152 22835
2153 22845
2154 22855
2155 22865
2156 22875
2157 22885
2158 22895
2159 22905
2160 22915
2161 22925
2162 22935
2163 22945
2164 22955
2165 22965
2166 22975
2167 22985
2168 22995
2169 23005
2170 23015
2171 23025
2172 23035
2173 23045
2174 23055
2175 23065
2176 23075
2177 23085
2178 23095
2179 23105
2180 23115
2181 23125
2182 23135
2183 23145
2184 23155
2185 23165
2186 23175
2187 23185
2188 23195
2189 23205
2190 23215
2191 23225
2192 23235
2193 23245
2194 23255
2195 23265
2196 23275
2197 23285
2198 23295
2199 23305
2200 23315
2201 23325
2202 23335
2203 23345
2204 23355
2205 23365
2206 23375
2207 23385
2208 23395
2209 23405
2210 23415
2211 23425
2212 23435
2213 23445
2214 23455
2215 23465
2216 23475
2217 23485
2218 23495
2219 23505
2220 23515
2221 23525
2222 23535
2223 23545
2224 23555
2225 23565
2226 23575
2227 23585
2228 23595
2229 23605
2230 23615
2231 23625
2232 23635
2233 23645
2234 23655
2235 23665
2236 23675
2237 23685
2238 23695
2239 23705
2240 23715
2241 23725
2242 23735
2243 23745
2244 23755
2245 23765
2246 23775
2247 23785
2248 23795
2249 23805
2250 23815
2251 23825
2252 23835
2253 23845
2254 23855
2255 23865
2256 23875
2257 23885
2258 23895
2259 23905
2260 23915
2261 23925
2262 23935
2263 23945
2264 23955
2265 23965
2266 23975
2267 23985
2268 23995
2269 24005
2270 24015
2271 24025
2272 24035
2273 24045
2274 24055
2275 24065
2276 24075
2277 24085
2278 24095
2279 24105
2280 24115
2281 24125
2282 24135
2283 24145
2284 24155
2285 24165
2286 24175
2287 24185
2288 24195
2289 24205
2290 24215
2291 24225
2292 24235
2293 24245
2294 24255
2295 24265
2296 24275
2297 24285
2298 24295
2299 24305
2300 24315
2301 24325
2302 24335
2303 24345
2304 24355
2305 24365
2306 24375
2307 24385
2308 24395
2309 24405
2310 24415
2311 24425
2312 24435
2313 24445
2314 24455
2315 24465
2316 24475
2317 24485
2318 24495
2319 24505
2320 24515
2321 24525
2322 24535
2323 24545
2324 24555
2325 24565
2326 24575
2327 24585
2328 24595
2329 24605
2330 24615
2331 24625
2332 24635
2333 24645
2334 24655
2335 24665
2336 24675
2337 24685
2338 24695
2339 24705
2340 24715
2341 24725
2342 24735
2343 24745
2344 24755
2345 24765
2346 24775
2347 24785
2348 24795
2349 24805
2350 24815
2351 24825
2352 24835
2353 24845
2354 24855
2355 24865
2356 24875
2357 24885
2358 24895
2359 24905
2360 24915
2361 24925
2362 24935
2363 24945
2364 24955
2365 24965
2366 24975
2367 24985
2368 24995
2369 25005
2370 25015
2371 25025
2372 25035
2373 25045
2374 25055
2375 25065
2376 25075
2377 25085
2378 25095
2379 25105
2380 25115
2381 25125
2382 25135
2383 25145
2384 25155
2385 25165
2386 25175
2387 25185
2388 25195
2389 25205
2390 25215
2391 25225
2392 25235
2393 25245
2394 25255
2395 25265
2396 25275
2397 25285
2398 25295
2399 25305
2400 25315
2401 25325
2402 25335
2403 25345
2404 25355
2405 25365
2406 25375
2407 25385
2408 25395
2409 25405
2410 25415
2411 25425
2412 25435
2413 25445
2414 25455
2415 25465
2416 25475
2417 25485
2418 25495
2419 25505
2420 25515
2421 25525
2422 25535
2423 25545
2424 25555
2425 25565
2426 25575
2427 25585
2428 25595
2429 25605
2430 25615
2431 25625
2432 25635
2433 25645
2434 25655
2435 25665
2436 25675
2437 25685
2438 25695
2439 25705
2440 25715
2441 25725
2442 25735
2443 25745
2444 25755
2445 25765
2446 25775
2447 25785
2448 25795
2449 25805
2450 25815
2451 25825
2452 25835
2453 25845
2454 25855
2455 25865
2456 25875
2457 25885
2458 25895
2459 25905
2460 25915
2461 25925
2462 25935
2463 25945
2464 25955
2465 25965
2466 25975
2467 25985
2468 25995
2469 26005
2470 26015
2471 26025
2472 26035
2473 26045
2474 26055
2475 26065
2476 26075
2477 26085
2478 26095
2479 26105
2480 26115
2481 26125
2482 26135
2483 26145
2484 26155
2485 26165
2486 26175
2487 26185
2488 26195
2489 26205
2490 26215
2491 26225
2492 26235
2493 26245
2494 26255
2495 26265
2496 26275
2497 26285
2498 26295
2499 26305
2500 26315
2501 26325
2502 26335
2503 26345
2504 26355
2505 26365
2506 26375
2507 26385
2508 26395
2509 26405
2510 26415
2511 26425
2512 26435
2513 26445
2514 26455
2515 26465
2516 26475
2517 26485
2518 26495
2519 26505
2520 26515
2521 26525
2522 26535
2523 26545
2524 26555
2525 26565
2526 26575
2527 26585
2528 26595
2529 26605
2530 26615
2531 26625
2532 26635
2533 26645
2534 26655
2535 26665
2536 26675
2537 26685
2538 26695
2539 26705
2540 26715
2541 26725
2542 26735
2543 26745
2544 26755
2545 26765
2546 26775
2547 26785
2548 26795
2549 26805
2550 26815
2551 26825
2552 26835
2553 26845
2554 26855
2555 26865
2556 26875
2557 26885
2558 26895
2559 26905
2560 26915
2561 26925
2562 26935
2563 26945
2564 26955
2565 26965
2566 26975
2567 26985
2568 26995
2569 27005
2570 27015
2571 27025
2572 27035
2573 27045
2574 27055
2575 27065
2576 27075
2577 27085
2578 27095
2579 27105
2580 27115
2581 27125
2582 27135
2583 27145
2584 27155
2585 27165
2586 27175
2587 27185
2588 27195
2589 27205
2590 27215
2591 27225
2592 27235
2593 27245
2594 27255
2595 27265
2596 27275
2597 27285
2598 27295
2599 27305
2600 27315
2601 27325
2602 27335
2603 27345
2604 27355
2605 27365
2606 27375
2607 27385
2608 27395
2609 27405
2610 27415
2611 27425
2612 27435
2613 27445
2614 27455
2615 27465
2616 27475
2617 27485
2618 27495
2619 27505
2620 27515
2621 27525
2622 27535
2623 27545
2624 27555
2625 27565
2626 27575
2627 27585
2628 27595
2629 27605
2630 27615
2631 27625
2632 27635
2633 27645
2634 27655
2635 27665
2636 27675
2637 27685
2638 27695
2639 27705
2640 27715
2641 27725
2642 27735
2643 27745
2644 27755
2645 27765
2646 27775
2647 27785
2648 27795
2649 27805
2650 27815
2651 27825
2652 27835
2653 27845
2654 27855
2655 27865
2656 27875
2657 27885
2658 27895
2659 27905
2660 27915
2661 27925
2662 27935
2663 27945
2664 27955
2665 27965
2666 27975
2667 27985
2668 27995
2669 28005
2670 28015
2671 28025
2672 28035
2673 28045
2674 28055
2675 28065
2676 28075
2677 28085
2678 28095
2679 28105
2680 28115
2681 28125
2682 28135
2683 28145
2684 28155
2685 28165
2686 28175
2687 28185
2688 28195
2689 28205
2690 28215
2691 28225
2692 28235
2693 28245
2694 28255
2695 28265
2696 28275
2697 28285
2698 28295
2699 28305
2700 28315
2701 28325
2702 28335
2703 28345
2704 28355
2705 28365
2706 28375
2707 28385
2708 28395
2709 28405
2710 28415
2711 28425
2712 28435
2713 28445
2714 28455
2715 28465
2716 28475
2717 28485
2718 28495
2719 28505
2720 28515
2721 28525
2722 28535
2723 28545
2724 28555
2725 28565
2726 28575
2727 28585
2728 28595
2729 28605
2730 28615
2731 28625
2732 28635
2733 28645
2734 28655
2735 28665
2736 28675
2737 28685
2738 28695
2739 28705
2740 28715
2741 28725
2742 28735
2743 28745
2744 28755
2745 28765
2746 28775
2747 28785
2748 28795
2749 28805
2750 28815
2751 28825
2752 28835
2753 28845
2754 28855
2755 28865
2756 28875
2757 28885
2758 28895
2759 28905
2760 28915
2761 28925
2762 28935
2763 28945
2764 28955
2765 28965
2766 28975
2767 28985
2768 28995
2769 29005
2770 29015
2771 29025
2772 29035
2773 29045
2774 29055
2775 29065
2776 29075
2777 29085
2778 29095
2779 29105
2780 29115
2781 29125
2782 29135
2783 29145
2784 29155
2785 29165
2786 29175
2787 29185
2788 29195
2789 29205
2790 29215
2791 29225
2792 29235
2793 29245
2794 29255
2795 29265
2796 29275
2797 29285
2798 29295
2799 29305
2800 29315
2801 29325
2802 29335
2803 29345
2804 29355
2805 29365
2806 29375
2807 29385
2808 29395
2809 29405
2810 29415
2811 29425
2812 29435
2813 29445
2814 29455
2815 29465
2816 29475
2817 29485
2818 29495
2819 29505
2820 29515
2821 29525
2822 29535
2823 29545
2824 29555
2825 29565
2826 29575
2827 29585
2828 29595
2829 29605
2830 29615
2831 29625
2832 29635
2833 29645
2834 29655
2835 29665
2836 29675
2837 29685
2838 29695
2839 29705
2840 29715
2841 29725
2842 29735
2843 29745
2844 29755
2845 29765
2846 29775
2847 29785
2848 29795
2849 29805
2850 29815
2851 29825
2852 29835
2853 29845
2854 29855
2855 29865
2856 29875
2857 29885
2858 29895
2859 29905
2860 29915
2861 29925
2862 29935
2863 29945
2864 29955
2865 29965
2866 29975
2867 29985
2868 29995
2869 30005
2870 30015
2871 30025
2872 30035
2873 30045
2874 30055
2875 30065
2876 30075
2877 30085
2878 30095
2879 30105
2880 30115
2881 30125
2882 30135
2883 30145
2884 30155
2885 30165
2886 30175
2887 30185
2888 30195
2889 30205
2890 30215
2891 30225
2892 30235
2893 30245
2894 30255
2895 30265
2896 30275
2897 30285
2898 30295
2899 30305
2900 30315
2901 30325
2902 30335
2903 30345
2904 30355
2905 30365
2906 30375
2907 30385
2908 30395
2909 30405
2910 30415
2911 30425
2912 30435
2913 30445
2914 30455
2915 30465
2916 30475
2917 30485
2918 30495
2919 30505
2920 30515
2921 30525
2922 30535
2923 30545
2924 30555
2925 30565
2926 30575
2927 30585
2928 30595
2929 30605
2930 30615
2931 30625
2932 30635
2933 30645
2934 30655
2935 30665
2936 30675
2937 30685
2938 30695
2939 30705
2940 30715
2941 30725
2942 30735
2943 30745
2944 30755
2945 30765
2946 30775
2947 30785
2948 30795
2949 30805
2950 30815
2951 30825
2952 30835
2953 30845
2954 30855
2955 30865
2956 30875
2957 30885
2958 30895
2959 30905
2960 30915
2961 30925
2962 30935
2963 30945
2964 30955
2965 30965
2966 30975
2967 30985
2968 30995
2969 31005
2970 31015
2971 31025
2972 31035
2973 31045
2974 31055
2975 31065
2976 31075
2977 31085
2978 31095
2979 31105
2980 31115
2981 31125
2982 31135
2983 31145
2984 31155
2985 31165
2986 31175
2987 31185
2988 31195
2989 31205
2990 31215
2991 31225
2992 31235
2993 31245
2994 31255
2995 31265
2996 31275
2997 31285
2998 31295
2999 31305
3000 31315
3001 31325
3002 31335
3003 31345
3004 31355
3005 31365
3006 31375
3007 31385
3008 31395
3009 31405
3010 31415
3011 31425
3012 31435
3013 31445
3014 31455
3015 31465
3016 31475
3017 31485
3018 31495
3019 31505
3020 31515
3021 31525
3022 31535
3023 31545
3024 31555
3025 31565
3026 31575
3027 31585
3028 31595
3029 31605
3030 31615
3031 31625
3032 31635
3033 31645
3034 31655
3035 31665
3036 31675
3037 31685
3038 31695
3039 31705
3040 31715
3041 31725
3042 31735
3043 31745
3044 31755
3045 31765
3046 31775
3047 31785
3048 31795
3049 31805
3050 31815
3051 31825
3052 31835
3053 31845
3054 31855
3055 31865
3056 31875
3057 31885
3058 31895
3059 31905
3060 31915
3061 31925
3062 31935
3063 31945
3064 31955
3065 31965
3066 31975
3067 31985
3068 31995
3069 32005
3070 32015
3071 32025
3072 32035
3073 32045
3074 32055
3075 32065
3076 32075
3077 32085
3078 32095
3079 32105
3080 32115
3081 32125
3082 32135
3083 32145
3084 32155
3085 32165
3086 32175
3087 32185
3088 32195
3089 32205
3090 32215
3091 32225
3092 32235
3093 32245
3094 32255
3095 32265
3096 32275
3097 32285
3098 32295
3099 32305
3100 32315
3101 32325
3102 32335
3103 32345
3104 32355
3105 32365
3106 32375
3107 32385
3108 32395
3109 32405
3110 32415
3111 32425
3112 32435
3113 32445
3114 32455
3115 32465
3116 32475
3117 32485
3118 32495
3119 32505
3120 32515
3121 32525
3122 32535
3123 32545
3124 32555
3125 32565
3126 32575
3127 32585
3128 32595
3129 32605
3130 32615
3131 32625
3132 32635
3133 32645
3134 32655
3135 32665
3136 32675
3137 32685
3138 32695
3139 32705
3140 32715
3141 32725
3142 32735
3143 32745
3144 32755
3145 32765
3146 32775
3147 32785
3148 32795
3149 32805
3150 32815
3151 32825
3152 32835
3153 32845
3154 32855
3155 32865
3156 32875
3157 32885
3158 32895
3159 32905
3160 32915
3161 32925
3162 32935
3163 32945
3164 32955
3165 32965
3166 32975
3167 32985
3168 32995
3169 33005
3170 33015
3171 33025
3172 33035
3173 33045
3174 33055
3175 33065
3176 33075
3177 33085
3178 33095
3179 33105
3180 33115
3181 33125
3182 33135
3183 33145
3184 33155
3185 33165
3186 33175
3187 33185
3188 33195
3189 33205
3190 33215
3191 33225
3192 33235
3193 33245
3194 33255
3195 33265
3196 33275
3197 33285
3198 33295
3199 33305
3200 33315
3201 33325
3202 33335
3203 33345
3204 33355
3205 33365
3206 33375
3207 33385
3208 33395
3209 33405
3210 33415
3211 33425
3212 33435
3213 33445
3214 33455
3215 33465
3216 33475
3217 33485
3218 33495
3219 33505
3220 33515
3221 33525
3222 33535
3223 33545
3224 33555
3225 33565
3226 33575
3227 33585
3228 33595
3229 33605
3230 33615
3231 33625
3232 33635
3233 33645
3234 33655
3235 33665
3236 33675
3237 33685
3238 33695
3239 33705
3240 33715
3241 33725
3242 33735
3243 33745
3244 33755
3245 33765
3246 33775
3247 33785
3248 33795
3249 33805
3250 33815
3251 33825
3252 33835
3253 33845
3254 33855
3255 33865
3256 33875
3257 33885
3258 33895
3259 33905
3260 33915
3261 33925
3262 33935
3263 33945
3264 33955
3265 33965
3266 33975
3267 33985
3268 33995
3269 34005
3270 34015
3271 34025
3272 34035
3273 34045
3274 34055
3275 34065
3276 34075
3277 34085
3278 34095
3279 34105
3280 34115
3281 34125
3282 34135
3283 34145
3284 34155
3285 34165
3286 34175
3287 34185
3288 34195
3289 34205
3290 34215
3291 34225
3292 34235
3293 34245
3294 34255
3295 34265
3296 34275
3297 34285
3298 34295
3299 34305
3300 34315
3301 34325
3302 34335
3303 34345
3304 34355
3305 34365
3306 34375
3307 34385
3308 34395
3309 34405
3310 34415
3311 34425
3312 34435
3313 34445
3314 34455
3315 34465
3316 34475
3317 34485
3318 34495
3319 34505
3320 34515
3321 34525
3322 34535
3323 34545
3324 34555
3325 34565
3326 34575
3327 34585
3328 34595
3329 34605
3330 34615
3331 34625
3332 34635
3333 34645
3334 34655
3335 34665
3336 34675
3337 34685
3338 34695
3339 34705
3340 34715
3341 34725
3342 34735
3343 34745
3344 34755
3345 34765
3346 34775
3347 34785
3348 34795
3349 34805
3350 34815
3351 34825
3352 34835
3353 34845
3354 34855
3355 34865
3356 34875
3357 34885
3358 34895
3359 34905
3360 34915
3361 34925
3362 34935
3363 34945
3364 34955
3365 34965
3366 34975
3367 34985
3368 34995
3369 35005
3370 35015
3371 35025
3372 35035
3373 35045
3374 35055
3375 35065
3376 35075
3377 35085
3378 35095
3379 35105
3380 35115
3381 35125
3382 35135
3383 35145
3384 35155
3385 35165
3386 35175
3387 35185
3388 35195
3389 35205
3390 35215
3391 35225
3392 35235
3393 35245
3394 35255
3395 35265
3396 35275
3397 35285
3398 35295
3399 35305
3400 35315
3401 35325
3402 35335
3403 35345
3404 35355
3405 35365
3406 35375
3407 35385
3408 35395
3409 35405
3410 35415
3411 35425
3412 35435
3413 35445
3414 35455
3415 35465
3416 35475
3417 35485
3418 35495
3419 35505
3420 35515
3421 35525
3422 35535
3423 35545
3424 35555
3425 35565
3426 35575
3427 35585
3428 35595
3429 35605
3430 35615
3431 35625
3432 35635
3433 35645
3434 35655
3435 35665
3436 35675
3437 35685
3438 35695
3439 35705
3440 35715
3441 35725
3442 35735
3443 35745
3444 35755
3445 35765
3446 35775
3447 35785
3448 35795
3449 35805
3450 35815
3451 35825
3452 35835
3453 35845
3454 35855
3455 35865
3456 35875
3457 35885
3458 35895
3459 35905
3460 35915
3461 35925
3462 35935
3463 35945
3464 35955
3465 35965
3466 35975
3467 35985
3468 35995
3469 36005
3470 36015
3471 36025
3472 36035
3473 36045
3474 36055
3475 36065
3476 36075
3477 36085
3478 36095
3479 36105
3480 36115
3481 36125
3482 36135
3483 36145
3484 36155
3485 36165
3486 36175
3487 36185
3488 36195
3489 36205
3490 36215
3491 36225
3492 36235
3493 36245
3494 36255
3495 36265
3496 36275
3497 36285
3498 36295
3499 36305
3500 36315
3501 36325
3502 36335
3503 36345
3504 36355
3505 36365
3506 36375
